# oST version 5.0 parameters


[image]

width
640

height
480

[narrow_stereo]

camera matrix
554.668244 0.000000 319.729675
0.000000 554.486293 238.722791
0.000000 0.000000 1.000000

distortion
-0.000362 -0.001873 -0.000060 0.000253 0.000000

rectification
1.000000 0.000000 0.000000
0.000000 1.000000 0.000000
0.000000 0.000000 1.000000

projection
553.619751 0.000000 319.369708 0.000000
0.000000 553.285278 238.204977 0.000000
0.000000 0.000000 1.000000 0.000000

