image_width: 640
image_height: 480
camera_name: usb_cam
camera_matrix:
  rows: 3
  cols: 3
  data: [830.656377, 0.000000, 328.252750, 0.000000, 830.457942, 227.744247, 0.000000, 0.000000, 1.000000]
distortion_model: plumb_bob
distortion_coefficients:
  rows: 1
  cols: 5
  data: [-0.003222, 0.073533, -0.001059, 0.001320, 0.000000]
rectification_matrix:
  rows: 3
  cols: 3
  data: [1.000000, 0.000000, 0.000000, 0.000000, 1.000000, 0.000000, 0.000000, 0.000000, 1.000000]
projection_matrix:
  rows: 3
  cols: 4
  data: [832.192322, 0.000000, 328.228482, 0.000000, 0.000000, 831.907776, 226.991298, 0.000000, 0.000000, 0.000000, 1.000000, 0.000000]
