# oST version 5.0 parameters


[image]

width
640

height
480

[usb_cam]

camera matrix
830.656377 0.000000 328.252750
0.000000 830.457942 227.744247
0.000000 0.000000 1.000000

distortion
-0.003222 0.073533 -0.001059 0.001320 0.000000

rectification
1.000000 0.000000 0.000000
0.000000 1.000000 0.000000
0.000000 0.000000 1.000000

projection
832.192322 0.000000 328.228482 0.000000
0.000000 831.907776 226.991298 0.000000
0.000000 0.000000 1.000000 0.000000

